44
218.31460000000001286935 -0.00000000000001341062 10.00000000000000000000
239.30619999999998981366 0.00000000000029808624 10.00000000000000000000
263.39459999999996853148 0.00000000000018800993 10.00000000000000000000
279.57439999999996871338 0.00000000000029075080 10.00000000000000000000
306.12259999999997717168 0.00000000000044905509 10.00000000000000000000
318.50979999999998426574 0.00000000000037837047 10.00000000000000000000
389.57939999999996416591 0.00000000000019974792 10.00000000000000000000
418.91079999999999472493 0.00000000000029872294 10.00000000000000000000
457.90499999999997271516 0.00000000000041679615 10.00000000000000000000
542.18499999999994543032 -0.00000000000018768729 10.00000000000000000000
571.59479999999996380211 -0.00000000000002765939 10.00000000000000000000
728.55159999999989395292 0.00000000000067977265 10.00000000000000000000
734.96080000000006293703 0.00000000000136169444 10.00000000000000000000
751.03279999999995197868 0.00000000000232317562 10.00000000000000000000
756.75600000000008549250 0.00000000000223560881 10.00000000000000000000
769.16279999999994743121 0.00000000000351498647 10.00000000000000000000
777.72799999999995179678 0.00000000000429388919 10.00000000000000000000
798.70979999999997289706 0.00000000000480399906 10.00000000000000000000
830.02080000000000836735 0.00000000000476788829 10.00000000000000000000
837.63540000000000418368 0.00000000000442451700 10.00000000000000000000
872.19999999999993178790 0.00000000000357879221 10.00000000000000000000
904.12840000000005602487 0.00000000000365522115 10.00000000000000000000
945.13159999999993488018 0.00000000000372451743 10.00000000000000000000
948.71839999999997417035 0.00000000000400766095 10.00000000000000000000
1013.75120000000003983587 0.00000000000230301957 10.00000000000000000000
1017.73000000000001818989 0.00000000000206168044 10.00000000000000000000
1057.91979999999989559001 0.00000000000136970467 10.00000000000000000000
1079.76399999999989631760 0.00000000000147646443 10.00000000000000000000
1089.37779999999997926352 0.00000000000122340520 10.00000000000000000000
1124.47160000000008039933 0.00000000000012393438 10.00000000000000000000
1148.08960000000001855369 -0.00000000000078569570 10.00000000000000000000
1215.38620000000014442776 -0.00000000000208655592 10.00000000000000000000
1221.72680000000013933459 -0.00000000000363307242 10.00000000000000000000
1253.94920000000001891749 0.00000000000077912499 10.00000000000000000000
1318.82519999999999527063 0.00000000000065809292 10.00000000000000000000
1343.99160000000006220944 -0.00000000000455347950 10.00000000000000000000
1422.47980000000006839400 -0.00000000000313604802 10.00000000000000000000
1429.65339999999991960067 -0.00000000000187918274 10.00000000000000000000
1455.49600000000009458745 -0.00000000000153345026 10.00000000000000000000
1463.75740000000018881110 -0.00000000000033353642 10.00000000000000000000
1495.95039999999994506652 -0.00000000000139314511 10.00000000000000000000
1556.18119999999998981366 0.00000000000103119040 10.00000000000000000000
1584.81680000000005748007 0.00000000000132081525 10.00000000000000000000
1627.88779999999997016857 0.00000000000106448412 10.00000000000000000000
