255
213.41460000000000718501 -0.00000115877569249777 10.00000000000000000000
291.52060000000000172804 0.00000749484764294538 10.00000000000000000000
326.73200000000002773959 0.00000560647674412143 10.00000000000000000000
338.35480000000001155058 0.00000111211197193076 10.00000000000000000000
367.48039999999997462510 -0.00000231444588616714 10.00000000000000000000
582.80600000000004001777 0.00000209763281888348 10.00000000000000000000
653.43460000000004583853 -0.00000723390888828837 10.00000000000000000000
676.77819999999996980478 -0.00000971657675062861 10.00000000000000000000
741.24260000000003856258 -0.00001132076404693469 10.00000000000000000000
782.69659999999998944986 -0.00001431796980809366 10.00000000000000000000
784.95060000000000854925 -0.00002869977145568867 10.00000000000000000000
823.66060000000004492904 -0.00002973614531567955 10.00000000000000000000
914.68299999999999272404 -0.00003684335686085310 10.00000000000000000000
924.00279999999997926352 -0.00004112141820959433 10.00000000000000000000
1001.07979999999997744453 -0.00003865334222687670 10.00000000000000000000
1009.13540000000000418368 -0.00003429583162161325 10.00000000000000000000
1078.49980000000005020411 -0.00003042527478418101 10.00000000000000000000
1095.87519999999994979589 -0.00002281520092192932 10.00000000000000000000
1123.11920000000009167707 -0.00001802040812575687 10.00000000000000000000
1186.70160000000009858923 -0.00003752900270821765 10.00000000000000000000
1241.43460000000004583853 -0.00003253502889041525 10.00000000000000000000
1259.03539999999998144631 -0.00001975366272942980 10.00000000000000000000
1284.85840000000007421477 0.00001275224465363344 10.00000000000000000000
1302.68460000000004583853 -0.00002431439588933076 10.00000000000000000000
1349.26399999999989631760 0.00002229977032324861 10.00000000000000000000
1359.28939999999988685886 -0.00006223486171208743 10.00000000000000000000
1397.85239999999998872227 -0.00005411548371377596 10.00000000000000000000
1405.92759999999998399289 -0.00002875854898890731 10.00000000000000000000
1461.22900000000004183676 0.00004649584350206943 10.00000000000000000000
1474.28260000000000218279 -0.00007237172817393559 10.00000000000000000000
1577.94699999999988904165 -0.00006090927434156956 10.00000000000000000000
213.41460000000000718501 0.00000544100177791126 10.00000000000000000000
291.52060000000000172804 -0.00061654472303055623 10.00000000000000000000
326.73200000000002773959 0.00001608880369329906 10.00000000000000000000
338.35480000000001155058 0.00053484584600786472 10.00000000000000000000
367.48039999999997462510 0.00062229711796178504 10.00000000000000000000
582.80600000000004001777 0.00063349289074198921 10.00000000000000000000
653.43460000000004583853 -0.00035363247196382728 10.00000000000000000000
676.77819999999996980478 -0.00057337887423308906 10.00000000000000000000
741.24260000000003856258 -0.00048971377765575058 10.00000000000000000000
782.69659999999998944986 -0.00064621128668739349 10.00000000000000000000
784.95060000000000854925 -0.00141815595288712960 10.00000000000000000000
823.66060000000004492904 -0.00102064886103271028 10.00000000000000000000
914.68299999999999272404 -0.00138415544005128163 10.00000000000000000000
924.00279999999997926352 -0.00127478502625941420 10.00000000000000000000
1001.07979999999997744453 -0.00053860141200314882 10.00000000000000000000
1009.13540000000000418368 -0.00000049948334083884 10.00000000000000000000
1078.49980000000005020411 -0.00033345051472218095 10.00000000000000000000
1095.87519999999994979589 0.00076873915848294373 10.00000000000000000000
1123.11920000000009167707 -0.00004793918505299494 10.00000000000000000000
1186.70160000000009858923 -0.00119847085869463155 10.00000000000000000000
1241.43460000000004583853 -0.00172870520532781668 10.00000000000000000000
1259.03539999999998144631 -0.00152630074835276731 10.00000000000000000000
1284.85840000000007421477 -0.00181107086810757402 10.00000000000000000000
1302.68460000000004583853 -0.00220023499427817728 10.00000000000000000000
1349.26399999999989631760 -0.00153223179970319321 10.00000000000000000000
1359.28939999999988685886 -0.00442924176418968505 10.00000000000000000000
1397.85239999999998872227 -0.00291196183163547210 10.00000000000000000000
1405.92759999999998399289 -0.00225966472678817455 10.00000000000000000000
1461.22900000000004183676 -0.00204487477140539347 10.00000000000000000000
1474.28260000000000218279 -0.00552818598760960924 10.00000000000000000000
1577.94699999999988904165 -0.00308639276910219846 10.00000000000000000000
213.41460000000000718501 -0.00253894711250372699 10.00000000000000000000
291.52060000000000172804 0.00128748411477519779 10.00000000000000000000
326.73200000000002773959 0.00159384870290334916 10.00000000000000000000
338.35480000000001155058 0.00189275175180468212 10.00000000000000000000
367.48039999999997462510 0.00057014700615739178 10.00000000000000000000
582.80600000000004001777 0.00451039562855561939 10.00000000000000000000
653.43460000000004583853 -0.00940137744681495031 10.00000000000000000000
676.77819999999996980478 -0.01220380013413507186 10.00000000000000000000
741.24260000000003856258 -0.01034340643773612803 10.00000000000000000000
782.69659999999998944986 -0.01550577731347763458 10.00000000000000000000
784.95060000000000854925 -0.03211130708517702381 10.00000000000000000000
823.66060000000004492904 -0.02993387189255778194 10.00000000000000000000
914.68299999999999272404 -0.03750523756890133953 10.00000000000000000000
924.00279999999997926352 -0.03850871254743237077 10.00000000000000000000
1001.07979999999997744453 -0.03501759544025778714 10.00000000000000000000
1009.13540000000000418368 -0.02932567125023715152 10.00000000000000000000
1078.49980000000005020411 -0.02856268423803877063 10.00000000000000000000
1095.87519999999994979589 -0.01691157046482312173 10.00000000000000000000
1123.11920000000009167707 -0.01877977546097297709 10.00000000000000000000
1186.70160000000009858923 -0.03939873114613073879 10.00000000000000000000
1241.43460000000004583853 -0.03617102255876907674 10.00000000000000000000
1259.03539999999998144631 -0.02783881802296754582 10.00000000000000000000
1284.85840000000007421477 0.04399375793466445833 10.00000000000000000000
1302.68460000000004583853 -0.03472286483113473654 10.00000000000000000000
1349.26399999999989631760 0.02816762455683730071 10.00000000000000000000
1359.28939999999988685886 -0.07608296745798603933 10.00000000000000000000
1397.85239999999998872227 -0.06512223907576691895 10.00000000000000000000
1405.92759999999998399289 -0.04343463600646507716 10.00000000000000000000
1461.22900000000004183676 0.05973263805999656784 10.00000000000000000000
1474.28260000000000218279 -0.10586123610944978002 10.00000000000000000000
1577.94699999999988904165 -0.08657538723928814850 10.00000000000000000000
213.41460000000000718501 0.00021092262886901811 10.00000000000000000000
291.52060000000000172804 -0.00145712189182197437 10.00000000000000000000
326.73200000000002773959 0.00023981515339617851 10.00000000000000000000
338.35480000000001155058 0.00078009241112693992 10.00000000000000000000
367.48039999999997462510 0.00080091816422888089 10.00000000000000000000
582.80600000000004001777 0.00076993402859153789 10.00000000000000000000
653.43460000000004583853 0.00034138050068542011 10.00000000000000000000
676.77819999999996980478 0.00018137609291815924 10.00000000000000000000
741.24260000000003856258 -0.00044082723266410990 10.00000000000000000000
782.69659999999998944986 0.00013809928920571898 10.00000000000000000000
784.95060000000000854925 -0.00108749010368517610 10.00000000000000000000
823.66060000000004492904 -0.00072630097727727238 10.00000000000000000000
914.68299999999999272404 -0.00081803464056813937 10.00000000000000000000
924.00279999999997926352 -0.00063095651256677842 10.00000000000000000000
1001.07979999999997744453 0.00095545405927755455 10.00000000000000000000
1009.13540000000000418368 0.00100635610814479295 10.00000000000000000000
1078.49980000000005020411 0.00064219155820294683 10.00000000000000000000
1095.87519999999994979589 0.00153512319988477540 10.00000000000000000000
1123.11920000000009167707 0.00218317150800350582 10.00000000000000000000
1186.70160000000009858923 0.00231283974354757390 10.00000000000000000000
1241.43460000000004583853 0.00160616943939396366 10.00000000000000000000
1259.03539999999998144631 0.00269480458456279950 10.00000000000000000000
1284.85840000000007421477 -0.00322623177052111217 10.00000000000000000000
1302.68460000000004583853 0.00289561564164457020 10.00000000000000000000
1349.26399999999989631760 -0.00485800800478806798 10.00000000000000000000
1359.28939999999988685886 0.00182943161630460529 10.00000000000000000000
1397.85239999999998872227 0.00278423361098982048 10.00000000000000000000
1405.92759999999998399289 0.00441287155075753296 10.00000000000000000000
1461.22900000000004183676 -0.00738753391507022527 10.00000000000000000000
1474.28260000000000218279 0.00149839499224872319 10.00000000000000000000
1577.94699999999988904165 0.00268271757963038648 10.00000000000000000000
213.41460000000000718501 0.00000136730094733970 10.00000000000000000000
291.52060000000000172804 -0.00000364833150482939 10.00000000000000000000
326.73200000000002773959 0.00000259180383004086 10.00000000000000000000
338.35480000000001155058 -0.00000214773014121441 10.00000000000000000000
367.48039999999997462510 -0.00000706166308753031 10.00000000000000000000
582.80600000000004001777 -0.00000212700138226979 10.00000000000000000000
653.43460000000004583853 -0.00001151284131405257 10.00000000000000000000
676.77819999999996980478 -0.00001442248259072728 10.00000000000000000000
741.24260000000003856258 -0.00001983531330802668 10.00000000000000000000
782.69659999999998944986 -0.00001730190433720964 10.00000000000000000000
784.95060000000000854925 -0.00003187323690246545 10.00000000000000000000
823.66060000000004492904 -0.00003118879733443743 10.00000000000000000000
914.68299999999999272404 -0.00003824958237437798 10.00000000000000000000
924.00279999999997926352 -0.00004876603147769971 10.00000000000000000000
1001.07979999999997744453 -0.00004287215906710441 10.00000000000000000000
1009.13540000000000418368 -0.00003998159542244383 10.00000000000000000000
1078.49980000000005020411 -0.00003165776199241825 10.00000000000000000000
1095.87519999999994979589 -0.00002113074132402324 10.00000000000000000000
1123.11920000000009167707 -0.00001886600380934204 10.00000000000000000000
1186.70160000000009858923 -0.00003708962144117455 10.00000000000000000000
1241.43460000000004583853 -0.00002673219522782921 10.00000000000000000000
1259.03539999999998144631 -0.00000788250372059015 10.00000000000000000000
1284.85840000000007421477 -0.00000968145063857517 10.00000000000000000000
1302.68460000000004583853 -0.00000803185763117562 10.00000000000000000000
1349.26399999999989631760 -0.00002776760369209224 10.00000000000000000000
1359.28939999999988685886 -0.00005807499620682810 10.00000000000000000000
1397.85239999999998872227 -0.00003730753477227630 10.00000000000000000000
1405.92759999999998399289 -0.00000312838296199741 10.00000000000000000000
1461.22900000000004183676 -0.00001586930575935904 10.00000000000000000000
1474.28260000000000218279 -0.00004083213061874584 10.00000000000000000000
1577.94699999999988904165 -0.00002366265715764562 10.00000000000000000000
213.41460000000000718501 0.00000000663347204643 10.00000000000000000000
291.52060000000000172804 -0.00000324116834546803 10.00000000000000000000
326.73200000000002773959 0.00000013831917245590 10.00000000000000000000
338.35480000000001155058 0.00000017127259108201 10.00000000000000000000
367.48039999999997462510 -0.00000084542265746065 10.00000000000000000000
582.80600000000004001777 0.00000077537329656457 10.00000000000000000000
653.43460000000004583853 -0.00000467075870746616 10.00000000000000000000
676.77819999999996980478 -0.00000593140376863955 10.00000000000000000000
741.24260000000003856258 -0.00000561431389266878 10.00000000000000000000
782.69659999999998944986 -0.00000666957270589167 10.00000000000000000000
784.95060000000000854925 -0.00001254449832159556 10.00000000000000000000
823.66060000000004492904 -0.00001163228060457596 10.00000000000000000000
914.68299999999999272404 -0.00001479612214417766 10.00000000000000000000
924.00279999999997926352 -0.00001642609055657054 10.00000000000000000000
1001.07979999999997744453 -0.00001435733413725309 10.00000000000000000000
1009.13540000000000418368 -0.00001273528071309814 10.00000000000000000000
1078.49980000000005020411 -0.00001171398067247865 10.00000000000000000000
1095.87519999999994979589 -0.00000646077029108585 10.00000000000000000000
1123.11920000000009167707 -0.00000906230573681987 10.00000000000000000000
1186.70160000000009858923 -0.00001719417532934648 10.00000000000000000000
1241.43460000000004583853 -0.00001457592170154980 10.00000000000000000000
1259.03539999999998144631 -0.00001082377176032848 10.00000000000000000000
1284.85840000000007421477 -0.00000924005623591631 10.00000000000000000000
1302.68460000000004583853 -0.00001344333656661461 10.00000000000000000000
1349.26399999999989631760 -0.00001388250597296537 10.00000000000000000000
1359.28939999999988685886 -0.00003217679747660628 10.00000000000000000000
1397.85239999999998872227 -0.00002473955048988349 10.00000000000000000000
1405.92759999999998399289 -0.00001564194694559263 10.00000000000000000000
1461.22900000000004183676 -0.00001237891797738198 10.00000000000000000000
1474.28260000000000218279 -0.00003759317393989298 10.00000000000000000000
1577.94699999999988904165 -0.00002791856879132220 10.00000000000000000000
352.22179999999997335181 -0.00000383284706948659 10.00000000000000000000
404.00499999999999545253 0.00000086466634413456 10.00000000000000000000
573.82920000000001437002 -0.00001376835070818828 10.00000000000000000000
623.76020000000005438778 0.00000019720495018953 10.00000000000000000000
631.56100000000003547029 -0.00001456135783363719 10.00000000000000000000
691.82119999999997617124 0.00000678662701215406 10.00000000000000000000
715.59600000000000363798 0.00001708643670230409 10.00000000000000000000
740.57619999999997162377 0.00001267535904431818 10.00000000000000000000
786.72439999999994597601 0.00001053688798205597 10.00000000000000000000
809.82299999999997908162 0.00003675088373253547 10.00000000000000000000
831.24580000000003110472 0.00003144918635770783 10.00000000000000000000
843.74080000000003565219 0.00002450980382376045 10.00000000000000000000
895.46519999999998162821 0.00002800613716837228 10.00000000000000000000
936.74279999999998835847 0.00002684085051681706 10.00000000000000000000
946.17039999999997235136 0.00002700096619727718 10.00000000000000000000
970.23919999999998253770 0.00002710358845411330 10.00000000000000000000
998.61019999999996343831 -0.00000251800936615656 10.00000000000000000000
1006.86180000000001655280 -0.00000392529717352264 10.00000000000000000000
1030.52880000000004656613 -0.00002438296073595622 10.00000000000000000000
1077.08860000000004220055 -0.00002815919896205251 10.00000000000000000000
1094.19939999999996871338 -0.00002430376708390270 10.00000000000000000000
1152.30359999999996034603 -0.00002357013501556749 10.00000000000000000000
1160.47679999999991196091 -0.00002696296515434256 10.00000000000000000000
1179.48880000000008294592 0.00000087416801644530 10.00000000000000000000
1184.39859999999998763087 -0.00002379871204403663 10.00000000000000000000
1199.83359999999993306119 -0.00004571816731033239 10.00000000000000000000
1224.31400000000007821654 -0.00004157312114583807 10.00000000000000000000
1289.07240000000001600711 -0.00000859124423080368 10.00000000000000000000
1306.79079999999999017746 -0.00004316611842742514 10.00000000000000000000
1312.77860000000009677024 -0.00003622231457562047 10.00000000000000000000
1330.24219999999991159711 -0.00003926349183915289 10.00000000000000000000
1355.65360000000009677024 -0.00000850852273139784 10.00000000000000000000
1406.26080000000001746230 -0.00001020133734913667 10.00000000000000000000
1457.99499999999989086064 -0.00002710509902850982 10.00000000000000000000
1470.13719999999989340722 -0.00001259451972328403 10.00000000000000000000
1502.77119999999990795914 -0.00001733780443991474 10.00000000000000000000
1594.59719999999992978701 -0.00002577951619033008 10.00000000000000000000
1616.35320000000001527951 -0.00000536000767778493 10.00000000000000000000
213.41460000000000718501 0.00267284297535429509 10.00000000000000000000
291.52060000000000172804 -0.31281867186533079961 10.00000000000000000000
326.73200000000002773959 0.13197510968068412729 10.00000000000000000000
338.35480000000001155058 0.23248377592171079464 10.00000000000000000000
367.48039999999997462510 0.00735872088163351274 10.00000000000000000000
582.80600000000004001777 0.09812381218908039493 10.00000000000000000000
653.43460000000004583853 -0.24327254391713346027 10.00000000000000000000
676.77819999999996980478 -0.40907146033864649759 10.00000000000000000000
741.24260000000003856258 -0.65478300855744542286 10.00000000000000000000
782.69659999999998944986 -0.33005463047433281076 10.00000000000000000000
784.95060000000000854925 -0.80164895577792039116 10.00000000000000000000
823.66060000000004492904 -0.76068574319846038456 10.00000000000000000000
914.68299999999999272404 -1.04158897366888480995 10.00000000000000000000
924.00279999999997926352 -1.27298122154548409846 10.00000000000000000000
1001.07979999999997744453 -0.43851404217311173994 10.00000000000000000000
1009.13540000000000418368 -0.59341105548880213050 10.00000000000000000000
1078.49980000000005020411 -0.57557983414947255785 10.00000000000000000000
1095.87519999999994979589 0.08966747862588120288 10.00000000000000000000
1123.11920000000009167707 -0.32072173650797652922 10.00000000000000000000
1186.70160000000009858923 -0.71173716126498043355 10.00000000000000000000
1241.43460000000004583853 -0.49713761952460611138 10.00000000000000000000
1259.03539999999998144631 0.06343280482687795041 10.00000000000000000000
1284.85840000000007421477 -0.92180903429062921450 10.00000000000000000000
1302.68460000000004583853 -0.15824010282830197616 10.00000000000000000000
1349.26399999999989631760 -1.20229483682828952595 10.00000000000000000000
1359.28939999999988685886 -1.83982666416658702246 10.00000000000000000000
1397.85239999999998872227 -0.54495227808445168005 10.00000000000000000000
1405.92759999999998399289 0.38510789947937162925 10.00000000000000000000
1461.22900000000004183676 -1.27030575726734751285 10.00000000000000000000
1474.28260000000000218279 -0.84391454405328159005 10.00000000000000000000
1577.94699999999988904165 0.49982843867322718223 10.00000000000000000000
