4.000000000000000000e+02
4.053333400000000211e+02
4.106666599999999789e+02
4.160000000000000000e+02
4.213333400000000211e+02
4.266666599999999789e+02
4.320000000000000000e+02
4.373333400000000211e+02
4.426666599999999789e+02
4.480000000000000000e+02
4.533333400000000211e+02
4.586666599999999789e+02
4.640000000000000000e+02
4.693333400000000211e+02
4.746666599999999789e+02
4.800000000000000000e+02
4.853333400000000211e+02
4.906666599999999789e+02
4.960000000000000000e+02
5.013333400000000211e+02
5.066666599999999789e+02
5.120000000000000000e+02
5.173333099999999831e+02
5.226666900000000169e+02
5.280000000000000000e+02
5.333333099999999831e+02
5.386666900000000169e+02
5.440000000000000000e+02
5.493333099999999831e+02
5.546666900000000169e+02
5.600000000000000000e+02
5.653333099999999831e+02
5.706666900000000169e+02
5.760000000000000000e+02
5.813333099999999831e+02
5.866666900000000169e+02
5.920000000000000000e+02
5.973333099999999831e+02
6.026666900000000169e+02
6.080000000000000000e+02
6.133333099999999831e+02
6.186666900000000169e+02
6.240000000000000000e+02
6.293333099999999831e+02
6.346666900000000169e+02
6.400000000000000000e+02
6.453333099999999831e+02
6.506666900000000169e+02
6.560000000000000000e+02
6.613333099999999831e+02
6.666666900000000169e+02
6.720000000000000000e+02
6.773333099999999831e+02
6.826666900000000169e+02
6.880000000000000000e+02
6.933333099999999831e+02
6.986666900000000169e+02
7.040000000000000000e+02
7.093333099999999831e+02
7.146666900000000169e+02
7.200000000000000000e+02
7.253333099999999831e+02
7.306666900000000169e+02
7.360000000000000000e+02
7.413333099999999831e+02
7.466666900000000169e+02
7.520000000000000000e+02
7.573333099999999831e+02
7.626666900000000169e+02
7.680000000000000000e+02
7.733333099999999831e+02
7.786666900000000169e+02
7.840000000000000000e+02
7.893333099999999831e+02
7.946666900000000169e+02
8.000000000000000000e+02
8.053333099999999831e+02
8.106666900000000169e+02
8.160000000000000000e+02
8.213333099999999831e+02
8.266666900000000169e+02
8.320000000000000000e+02
8.373333099999999831e+02
8.426666900000000169e+02
8.480000000000000000e+02
8.533333099999999831e+02
8.586666900000000169e+02
8.640000000000000000e+02
8.693333099999999831e+02
8.746666900000000169e+02
8.800000000000000000e+02
8.853333099999999831e+02
8.906666900000000169e+02
8.960000000000000000e+02
9.013333099999999831e+02
9.066666900000000169e+02
9.120000000000000000e+02
9.173333099999999831e+02
9.226666900000000169e+02
9.280000000000000000e+02
9.333333099999999831e+02
9.386666900000000169e+02
9.440000000000000000e+02
9.493333099999999831e+02
9.546666900000000169e+02
9.600000000000000000e+02
9.653333099999999831e+02
9.706666900000000169e+02
9.760000000000000000e+02
9.813333099999999831e+02
9.866666900000000169e+02
9.920000000000000000e+02
9.973333099999999831e+02
1.002666699999999992e+03
1.008000000000000000e+03
1.013333300000000008e+03
1.018666699999999992e+03
1.024000000000000000e+03
1.029333399999999983e+03
1.034666600000000017e+03
1.040000000000000000e+03
1.045333399999999983e+03
1.050666600000000017e+03
1.056000000000000000e+03
1.061333399999999983e+03
1.066666600000000017e+03
1.072000000000000000e+03
1.077333399999999983e+03
1.082666600000000017e+03
1.088000000000000000e+03
1.093333399999999983e+03
1.098666600000000017e+03
1.104000000000000000e+03
1.109333399999999983e+03
1.114666600000000017e+03
1.120000000000000000e+03
1.125333399999999983e+03
1.130666600000000017e+03
1.136000000000000000e+03
1.141333399999999983e+03
1.146666600000000017e+03
1.152000000000000000e+03
1.157333399999999983e+03
1.162666600000000017e+03
1.168000000000000000e+03
1.173333399999999983e+03
1.178666600000000017e+03
1.184000000000000000e+03
1.189333399999999983e+03
1.194666600000000017e+03
1.200000000000000000e+03
1.205333399999999983e+03
1.210666600000000017e+03
1.216000000000000000e+03
1.221333399999999983e+03
1.226666600000000017e+03
1.232000000000000000e+03
1.237333399999999983e+03
1.242666600000000017e+03
1.248000000000000000e+03
1.253333399999999983e+03
1.258666600000000017e+03
1.264000000000000000e+03
1.269333399999999983e+03
1.274666600000000017e+03
1.280000000000000000e+03
1.285333399999999983e+03
1.290666600000000017e+03
1.296000000000000000e+03
1.301333399999999983e+03
1.306666600000000017e+03
1.312000000000000000e+03
1.317333399999999983e+03
1.322666600000000017e+03
1.328000000000000000e+03
1.333333399999999983e+03
1.338666600000000017e+03
1.344000000000000000e+03
1.349333399999999983e+03
1.354666600000000017e+03
1.360000000000000000e+03
1.365333399999999983e+03
1.370666600000000017e+03
1.376000000000000000e+03
1.381333399999999983e+03
1.386666600000000017e+03
1.392000000000000000e+03
1.397333399999999983e+03
1.402666600000000017e+03
1.408000000000000000e+03
1.413333399999999983e+03
1.418666600000000017e+03
1.424000000000000000e+03
1.429333399999999983e+03
1.434666600000000017e+03
1.440000000000000000e+03
1.445333399999999983e+03
1.450666600000000017e+03
1.456000000000000000e+03
1.461333399999999983e+03
1.466666600000000017e+03
1.472000000000000000e+03
1.477333399999999983e+03
1.482666600000000017e+03
1.488000000000000000e+03
1.493333399999999983e+03
1.498666600000000017e+03
1.504000000000000000e+03
1.509333399999999983e+03
1.514666600000000017e+03
1.520000000000000000e+03
1.525333399999999983e+03
1.530666600000000017e+03
1.536000000000000000e+03
1.541333399999999983e+03
1.546666600000000017e+03
1.552000000000000000e+03
1.557333399999999983e+03
1.562666600000000017e+03
1.568000000000000000e+03
1.573333399999999983e+03
1.578666600000000017e+03
1.584000000000000000e+03
1.589333399999999983e+03
1.594666600000000017e+03
1.600000000000000000e+03
1.605333399999999983e+03
1.610666600000000017e+03
1.616000000000000000e+03
1.621333399999999983e+03
1.626666600000000017e+03
1.632000000000000000e+03
1.637333399999999983e+03
1.642666600000000017e+03
1.648000000000000000e+03
1.653333399999999983e+03
1.658666600000000017e+03
1.664000000000000000e+03
1.669333399999999983e+03
1.674666600000000017e+03
1.680000000000000000e+03
1.685333399999999983e+03
1.690666600000000017e+03
1.696000000000000000e+03
1.701333399999999983e+03
1.706666600000000017e+03
1.712000000000000000e+03
1.717333399999999983e+03
1.722666600000000017e+03
1.728000000000000000e+03
1.733333399999999983e+03
1.738666600000000017e+03
1.744000000000000000e+03
1.749333399999999983e+03
1.754666600000000017e+03
1.760000000000000000e+03
1.765333399999999983e+03
1.770666600000000017e+03
1.776000000000000000e+03
1.781333399999999983e+03
1.786666600000000017e+03
1.792000000000000000e+03
1.797333399999999983e+03
1.802666600000000017e+03
1.808000000000000000e+03
1.813333399999999983e+03
1.818666600000000017e+03
1.824000000000000000e+03
1.829333399999999983e+03
1.834666600000000017e+03
1.840000000000000000e+03
1.845333399999999983e+03
1.850666600000000017e+03
1.856000000000000000e+03
1.861333399999999983e+03
1.866666600000000017e+03
1.872000000000000000e+03
1.877333399999999983e+03
1.882666600000000017e+03
1.888000000000000000e+03
1.893333399999999983e+03
1.898666600000000017e+03
1.904000000000000000e+03
1.909333399999999983e+03
1.914666600000000017e+03
1.920000000000000000e+03
1.925333399999999983e+03
1.930666600000000017e+03
1.936000000000000000e+03
1.941333399999999983e+03
1.946666600000000017e+03
1.952000000000000000e+03
1.957333399999999983e+03
1.962666600000000017e+03
1.968000000000000000e+03
1.973333399999999983e+03
1.978666600000000017e+03
1.984000000000000000e+03
1.989333399999999983e+03
1.994666600000000017e+03
2.000000000000000000e+03
2.005333399999999983e+03
2.010666600000000017e+03
2.016000000000000000e+03
2.021333399999999983e+03
2.026666600000000017e+03
2.032000000000000000e+03
2.037333399999999983e+03
2.042666600000000017e+03
2.048000000000000000e+03
2.053333299999999781e+03
2.058666700000000219e+03
2.064000000000000000e+03
2.069333299999999781e+03
2.074666700000000219e+03
2.080000000000000000e+03
2.085333299999999781e+03
2.090666700000000219e+03
2.096000000000000000e+03
2.101333299999999781e+03
2.106666700000000219e+03
2.112000000000000000e+03
2.117333299999999781e+03
2.122666700000000219e+03
2.128000000000000000e+03
2.133333299999999781e+03
2.138666700000000219e+03
2.144000000000000000e+03
2.149333299999999781e+03
2.154666700000000219e+03
2.160000000000000000e+03
2.165333299999999781e+03
2.170666700000000219e+03
2.176000000000000000e+03
2.181333299999999781e+03
2.186666700000000219e+03
2.192000000000000000e+03
2.197333299999999781e+03
2.202666700000000219e+03
2.208000000000000000e+03
2.213333299999999781e+03
2.218666700000000219e+03
2.224000000000000000e+03
2.229333299999999781e+03
2.234666700000000219e+03
2.240000000000000000e+03
2.245333299999999781e+03
2.250666700000000219e+03
2.256000000000000000e+03
2.261333299999999781e+03
2.266666700000000219e+03
2.272000000000000000e+03
2.277333299999999781e+03
2.282666700000000219e+03
2.288000000000000000e+03
2.293333299999999781e+03
2.298666700000000219e+03
2.304000000000000000e+03
2.309333299999999781e+03
2.314666700000000219e+03
2.320000000000000000e+03
2.325333299999999781e+03
2.330666700000000219e+03
2.336000000000000000e+03
2.341333299999999781e+03
2.346666700000000219e+03
2.352000000000000000e+03
2.357333299999999781e+03
2.362666700000000219e+03
2.368000000000000000e+03
2.373333299999999781e+03
2.378666700000000219e+03
2.384000000000000000e+03
2.389333299999999781e+03
2.394666700000000219e+03
2.400000000000000000e+03
2.405333299999999781e+03
2.410666700000000219e+03
2.416000000000000000e+03
2.421333299999999781e+03
2.426666700000000219e+03
2.432000000000000000e+03
2.437333299999999781e+03
2.442666700000000219e+03
2.448000000000000000e+03
2.453333299999999781e+03
2.458666700000000219e+03
2.464000000000000000e+03
2.469333299999999781e+03
2.474666700000000219e+03
2.480000000000000000e+03
2.485333299999999781e+03
2.490666700000000219e+03
2.496000000000000000e+03
2.501333299999999781e+03
2.506666700000000219e+03
2.512000000000000000e+03
2.517333299999999781e+03
2.522666700000000219e+03
2.528000000000000000e+03
2.533333299999999781e+03
2.538666700000000219e+03
2.544000000000000000e+03
2.549333299999999781e+03
2.554666700000000219e+03
2.560000000000000000e+03
2.565333299999999781e+03
2.570666700000000219e+03
2.576000000000000000e+03
2.581333299999999781e+03
2.586666700000000219e+03
2.592000000000000000e+03
2.597333299999999781e+03
2.602666700000000219e+03
2.608000000000000000e+03
2.613333299999999781e+03
2.618666700000000219e+03
2.624000000000000000e+03
2.629333299999999781e+03
2.634666700000000219e+03
2.640000000000000000e+03
2.645333299999999781e+03
2.650666700000000219e+03
2.656000000000000000e+03
2.661333299999999781e+03
2.666666700000000219e+03
2.672000000000000000e+03
2.677333299999999781e+03
2.682666700000000219e+03
2.688000000000000000e+03
2.693333299999999781e+03
2.698666700000000219e+03
2.704000000000000000e+03
2.709333299999999781e+03
2.714666700000000219e+03
2.720000000000000000e+03
2.725333299999999781e+03
2.730666700000000219e+03
2.736000000000000000e+03
2.741333299999999781e+03
2.746666700000000219e+03
2.752000000000000000e+03
2.757333299999999781e+03
2.762666700000000219e+03
2.768000000000000000e+03
2.773333299999999781e+03
2.778666700000000219e+03
2.784000000000000000e+03
2.789333299999999781e+03
2.794666700000000219e+03
2.800000000000000000e+03
2.805333299999999781e+03
2.810666700000000219e+03
2.816000000000000000e+03
2.821333299999999781e+03
2.826666700000000219e+03
2.832000000000000000e+03
2.837333299999999781e+03
2.842666700000000219e+03
2.848000000000000000e+03
2.853333299999999781e+03
2.858666700000000219e+03
2.864000000000000000e+03
2.869333299999999781e+03
2.874666700000000219e+03
2.880000000000000000e+03
2.885333299999999781e+03
2.890666700000000219e+03
2.896000000000000000e+03
2.901333299999999781e+03
2.906666700000000219e+03
2.912000000000000000e+03
2.917333299999999781e+03
2.922666700000000219e+03
2.928000000000000000e+03
2.933333299999999781e+03
2.938666700000000219e+03
2.944000000000000000e+03
2.949333299999999781e+03
2.954666700000000219e+03
2.960000000000000000e+03
2.965333299999999781e+03
2.970666700000000219e+03
2.976000000000000000e+03
2.981333299999999781e+03
2.986666700000000219e+03
2.992000000000000000e+03
2.997333299999999781e+03
3.002666700000000219e+03
3.008000000000000000e+03
3.013333299999999781e+03
3.018666700000000219e+03
3.024000000000000000e+03
3.029333299999999781e+03
3.034666700000000219e+03
3.040000000000000000e+03
3.045333299999999781e+03
3.050666700000000219e+03
3.056000000000000000e+03
3.061333299999999781e+03
3.066666700000000219e+03
3.072000000000000000e+03
3.077333299999999781e+03
3.082666700000000219e+03
3.088000000000000000e+03
3.093333299999999781e+03
3.098666700000000219e+03
3.104000000000000000e+03
3.109333299999999781e+03
3.114666700000000219e+03
3.120000000000000000e+03
3.125333299999999781e+03
3.130666700000000219e+03
3.136000000000000000e+03
3.141333299999999781e+03
3.146666700000000219e+03
3.152000000000000000e+03
3.157333299999999781e+03
3.162666700000000219e+03
3.168000000000000000e+03
3.173333299999999781e+03
3.178666700000000219e+03
3.184000000000000000e+03
3.189333299999999781e+03
3.194666700000000219e+03
3.200000000000000000e+03
